predicted >> actual
116.14683775483536 , 121.17295008572357  >>  116.1648941040039 , 121.13739013671875
153.14551051729927 , 117.27813009563653  >>  153.1321563720703 , 117.0596694946289
190.0823133004062 , 113.3898231076221  >>  190.33721923828125 , 113.41624450683594
226.95740116498106 , 109.50801279855418  >>  226.7444305419922 , 109.53593444824219
263.77092865412226 , 105.63268289980738  >>  263.5896301269531 , 105.77169036865234
300.52304979536063 , 101.76381719702957  >>  300.03228759765625 , 102.0565414428711
337.21391810280807 , 97.9013995299159  >>  337.1148681640625 , 98.08248901367188
373.84368657929457 , 94.04541379198373  >>  373.7921142578125 , 93.63688659667969
410.412507718495 , 90.19584393034879  >>  410.58319091796875 , 89.36324310302734
122.67981063013839 , 157.41188770804908  >>  122.39466857910156 , 156.9609832763672
159.08621804329093 , 153.54900454819133  >>  159.39230346679688 , 153.43385314941406
195.43271077343854 , 149.69247860500104  >>  195.68434143066406 , 149.79856872558594
231.7194366029929 , 145.84229419810126  >>  231.701171875 , 145.906982421875
267.94654282874865 , 141.99843569864132  >>  267.79998779296875 , 142.0745086669922
304.11417626387623 , 138.16088752908507  >>  304.0035400390625 , 138.39389038085938
340.22248323990516 , 134.3296341630008  >>  339.9676208496094 , 134.7913055419922
376.2716096086977 , 130.50466012485157  >>  375.9533386230469 , 130.4319305419922
412.26170074441234 , 126.68594998978698  >>  412.46636962890625 , 126.24459838867188
129.00859785083287 , 192.51819071792917  >>  129.33486938476562 , 192.2166290283203
164.8414014716743 , 188.68716522501552  >>  165.04298400878906 , 188.1190948486328
200.6161544603028 , 184.86234615273924  >>  201.07188415527344 , 184.67483520507812
236.332997769202 , 181.0437184313178  >>  236.46572875976562 , 181.30665588378906
271.99207189489607 , 177.2312670397171  >>  271.9425964355469 , 177.3430633544922
307.59351687979273 , 173.42497700545434  >>  307.4183044433594 , 173.64907836914062
343.13747231401567 , 169.62483340440232  >>  342.6550598144531 , 169.673828125
378.6240773372296 , 165.830821360594  >>  378.596435546875 , 165.92567443847656
414.05347064045566 , 162.04292604602873  >>  414.3195495605469 , 161.7888946533203
135.142624745186 , 226.5441421861291  >>  135.14312744140625 , 226.1438751220703
170.41961786659783 , 222.74485711512054  >>  170.48825073242188 , 222.57412719726562
205.6403387512733 , 218.95163248889557  >>  206.095458984375 , 218.91326904296875
240.80492193623428 , 215.16445381799653  >>  241.0633544921875 , 215.4905242919922
275.9135015299715 , 211.38330665911803  >>  276.0250244140625 , 211.6387176513672
310.96621121414967 , 207.60817661492322  >>  310.837646484375 , 208.07437133789062
345.96318424530415 , 203.83904933386108  >>  345.8847351074219 , 204.3180389404297
380.90455345652936 , 200.07591050998462  >>  380.71307373046875 , 200.35409545898438
415.79045125915974 , 196.31874588276995  >>  416.0802917480469 , 196.4607696533203
141.09074532736767 , 259.5388560571479  >>  140.69351196289062 , 259.7279052734375
175.82890601549397 , 255.7711608790902  >>  175.67294311523438 , 255.98052978515625
210.51249237564733 , 252.0093848236422  >>  210.94580078125 , 252.4148712158203
245.14163291288637 , 248.2535139531665  >>  245.34243774414062 , 248.69898986816406
279.7164557291351 , 244.50353437374957  >>  279.98309326171875 , 244.9949951171875
314.2370885247623 , 240.75943223503037  >>  314.23406982421875 , 241.0762481689453
348.7036586001543 , 237.02119373003003  >>  348.54620361328125 , 237.39511108398438
383.1162928572794 , 233.2888050949821  >>  383.34478759765625 , 233.51622009277344
417.4751178012451 , 229.56225260916338  >>  417.5372619628906 , 229.62551879882812
146.8612849388657 , 291.5485136846539  >>  146.48348999023438 , 291.67071533203125
181.0768250819643 , 287.8122288435221  >>  181.0427703857422 , 287.65179443359375
215.23941310369514 , 284.08172629334763  >>  215.5461883544922 , 283.9076232910156
249.3491718324198 , 280.3569926214608  >>  249.56105041503906 , 280.3712158203125
283.40622371690733 , 276.63801445664234  >>  283.44061279296875 , 276.41778564453125
317.41069082780035 , 272.9247784689643  >>  317.23992919921875 , 272.60687255859375
351.3626948590731 , 269.2172713696302  >>  350.99053955078125 , 269.01373291015625
385.26235712948335 , 265.5154799108164  >>  385.0939636230469 , 264.94384765625
419.10979858401726 , 261.81939088551485  >>  419.1142883300781 , 261.5009765625
152.46207912689854 , 322.61657949323745  >>  151.67724609375 , 322.9541320800781
186.17048985024346 , 318.9115001854175  >>  186.16510009765625 , 318.872802734375
219.82749939091607 , 315.21207066808677  >>  219.87655639648438 , 315.17730712890625
253.43322523007188 , 311.51827802823675  >>  253.62657165527344 , 311.2314453125
286.98778449112297 , 307.8301093921806  >>  286.8994445800781 , 307.36590576171875
320.49129394109906 , 304.147551925403  >>  320.42425537109375 , 304.0462341308594
353.9438699920019 , 300.470592832412  >>  353.7740783691406 , 300.33905029296875
387.34562870215353 , 296.79921935659064  >>  387.42718505859375 , 296.66583251953125
420.6966857775385 , 293.13341878004917  >>  421.1051330566406 , 293.2784423828125